400 600
7
50 50 3
100 100 6
50 200 4
125 0 2
300 75 3
400 300 2
500 90 3
13
0 1 2 10
0 2 1 20
2 1 3 10
1 5 4 50
1 3 3 20
2 6 2 40
3 6 4 15
3 4 1 40
4 6 2 12
6 5 2 20
3 0 2 10
4 5 3 20
5 1 5 15
6
10 10 300 200 700
10 40 300 300 100
400 200 50 50 1500
150 250 350 400 3000
200 40 300 400 600
500 500 10 500 1000


// testcase 2
400 600
7
50 50 3
100 100 6
50 200 4
125 0 2
300 75 3
400 300 2
500 90 3
13
0 1 2 100
0 2 1 200
2 1 3 100
1 5 4 500
1 3 3 200
2 6 2 400
3 6 4 150
3 4 1 400
4 6 2 120
6 5 2 200
3 0 2 100
4 5 3 200
5 1 5 150
6
10 10 300 200 700
10 40 300 300 100
400 200 50 50 1500
150 250 350 400 3000
200 40 300 400 600
500 500 10 500 1000



// testcase 3
400 600
7
50 50 3
100 100 6
50 200 4
125 0 2
300 75 3
400 300 2
500 90 3
13
0 1 2 10
0 2 1 20
2 1 3 10
1 5 4 50
1 3 3 20
2 6 2 40
3 6 4 15
3 4 1 40
4 6 2 12
6 5 2 20
3 0 2 10
4 5 3 20
5 1 5 15
1
10 10 300 200 700

// testcase 4
400 600
7
50 50 3
100 100 6
50 200 4
125 0 2
300 75 3
400 300 2
500 90 3
13
0 1 2 10
0 2 1 20
2 1 3 10
1 5 4 50
1 3 3 20
2 6 2 40
3 6 4 15
3 4 1 40
4 6 2 12
6 5 2 20
3 0 2 10
4 5 3 20
5 1 5 15
5
10 10 50 270 1000
10 5 50 280 1020
5 10 50 300 1050
0 0 50 320 1000
0 10 80 250 1000


// testcase 6
400 600
7
50 50 10
100 100 10
50 200 10
125 0 10
300 75 10
400 300 10
500 90 10
13
0 1 10 10
0 2 10 20
2 1 10 10
1 5 10 50
1 3 10 20
2 6 10 40
3 6 10 15
3 4 10 40
4 6 20 12
6 5 20 20
3 0 20 10
4 5 30 20
5 1 50 15
6
10 10 300 200 700
10 40 300 300 100
400 200 50 50 1500
150 250 350 400 3000
200 40 300 400 600
500 500 10 500 1000



400 600
7
50 50 3
100 100 6
50 200 4
125 0 2
300 75 3
400 300 2
500 90 3
13
0 1 2 10
0 2 1 20
2 1 3 10
1 5 4 50
1 3 3 20
2 6 2 40
3 6 4 15
3 4 1 40
4 6 2 12
6 5 2 20
3 0 2 10
4 5 3 20
5 1 5 15
7
10 10 50 210 1000
10 10 50 220 1000
5 5 60 210 1000
6 6 70 240 1000
1 1 70 270 1000
40 40 30 210 1000
20 0 30 250 1000


400 600
7
50 50 3
100 100 200
50 200 4
125 0 2
300 75 3
400 300 2
500 90 3
13
0 1 1 10
0 2 1 20
2 1 1 10
1 5 1 50
1 3 1 20
2 6 1 40
3 6 1 15
3 4 1 40
4 6 1 12
6 5 1 20
3 0 1 10
4 5 1 20
5 1 1 15
6
10 10 300 200 700
10 40 300 300 100
400 200 50 50 1500
150 250 350 400 3000
200 40 300 400 600
500 500 10 500 1000